26,2
26,1
25,5
25,4
25,3
25,2
25,1
23,3
23,2
23,1
22,13
22,12
22,11
22,10
22,9
22,8
22,7
22,6
22,5
22,4
22,3
22,2
22,1
21,7
21,6
21,5
21,4
21,3
21,2
21,1
20,5
20,4
20,3
20,2
20,1
19,3
19,2
19,1
18,4
18,3
18,2
18,1
17,4
17,3
17,2
17,1
16,4
16,3
16,2
16,1
15,7
15,6
15,5
15,4
15,3
15,2
15,1
14,5
14,4
14,3
14,2
14,1
13,4
13,3
13,2
13,1
12,4
12,3
12,2
12,1
11,7
11,6
11,5
11,4
11,3
11,2
11,1
10,3
10,2
10,1
9,3
9,2
9,1
8,4
8,3
8,2
8,1
5,11
5,10
5,9
5,8
5,7
5,6
5,5
5,3
5,2
5,0
4,3
3,44
3,43
3,42
3,41
3,40
3,39
3,38
3,37
3,36
3,35
3,34
3,33
3,32
3,31
3,30
3,29
3,28
3,27
3,26
3,25
3,24
3,23
3,22
3,21
3,20
3,19
3,18
3,17
3,16
3,15
3,14
3,13
3,12
3,11
3,10
3,9
3,8
3,7
3,6
3,5
3,4
3,3
3,2
3,0
2,44
2,43
2,42
2,41
2,40
2,39
2,38
2,37
2,36
2,35
2,34
2,33
2,32
2,31
2,30
26,3
26,4
26,6
27,1
27,3
28,1
28,3
28,5
28,6
28,8
28,9
28,11
28,13
28,14
28,16
29,1
29,3
29,4
30,1
30,3
30,4
30,6
30,7
30,9
31,2
31,3
32,1
32,2
32,4
32,5
33,2
33,4
33,5
33,7
33,8
36,2
36,4
36,5
37,2
37,3
38,1
38,2
38,4
39,2
39,3
40,2
40,3
41,1
41,3
41,4
41,6
42,1
42,3
43,1
43,2
43,4
43,5
43,7
43,8
44,2
45,1
45,2
45,4
46,1
46,3
47,2
47,3
47,5
47,6
47,8
47,9
47,11
47,13
47,14
47,16
47,17
48,1
48,3
48,4
48,6
48,7
48,9
48,10
48,12
48,14
48,15
48,17
49,1
7,3
49,3
49,5
49,6
49,8
49,9
0,48
0,46
0,47
0,6
0,49
0,45
49,7
49,4
49,2
48,16
48,13
48,11
48,8
48,5
48,2
47,18
47,15
47,12
47,10
47,7
47,4
47,1
46,2
45,3
44,3
44,1
43,6
43,3
42,4
42,2
41,5
41,2
40,4
40,1
39,1
38,3
37,4
37,1
36,3
36,1
33,6
33,3
33,1
32,3
31,4
31,1
30,8
30,5
30,2
29,5
29,2
28,15
28,12
28,10
28,7
28,4
28,2
27,2
26,5
2,29
2,28
2,27
2,26
2,25
2,24
2,23
2,22
2,21
2,20
2,19
2,18
2,17
2,16
2,15
2,14
2,13
2,12
2,11
2,10
2,9
2,8
2,7
2,6
2,5
2,4
2,3
2,2
2,0
1,45
1,44
1,43
1,42
1,41
1,40
1,39
1,38
1,37
1,36
1,35
1,34
1,33
1,32
1,31
1,30
1,29
1,28
1,27
1,26
1,25
1,24
1,23
1,22
1,21
1,20
1,19
1,18
1,17
1,16
1,15
1,14
1,13
1,12
1,11
1,10
1,9
1,8
1,7
1,6
1,5
1,4
1,3
1,2
1,0
0,53
0,52
0,51
0,50
0,12
0,11
0,10
0,9
0,8
0,2
0,0
0,5
0,7
0,4
0,3
49,0
48,0
47,0
46,0
45,0
44,0
43,0
42,0
41,0
40,0
39,0
38,0
37,0
36,0
33,0
32,0
31,0
30,0
29,0
28,0
27,0
26,0
25,0
23,0
22,0
21,0
20,0
19,0
18,0
17,0
16,0
15,0
14,0
13,0
12,0
11,0
10,0
9,0
8,0
